ThorQLux = [25.875,...
27.658,...
32.592,...
37.333,...
41.167,...
44.900,...
48.550,...
51.250,...
53.183,...
55.242,...
56.767,...
58.642,...
60.100,...
59.917,...
59.817,...
59.800,...
60.175,...
60.258,...
60.750,...
60.942,...
61.317,...
61.108,...
60.450,...
59.750,...
58.775,...
57.825,...
56.508,...
55.067,...
53.767,...
52.833,...
51.775, 50.183];

ThorQLux = interp1(400:10:710, ThorQLux, 400:700)/100;